./bin/main 10 datasets/given/00001000-1.bin manh 0 0.01 0.1 
0: 465 680 426 257 331 393 229 516 288 260 
1: 924 326 775 33 734 339 779 570 611 94 
2: 720 311 963 88 268 880 29 555 605 335 
3: 551 674 773 376 142 254 247 524 266 122 
4: 90 734 955 524 1 255 442 138 590 695 
5: 539 541 354 506 750 418 122 12 610 167 
6: 459 267 970 77 673 865 181 515 610 653 
7: 657 135 769 45 669 28 919 15 638 137 
8: 121 693 842 528 376 18 505 549 73 696 
9: 834 110 775 261 324 785 905 1 134 326 
10: 56 311 436 11 379 387 488 284 619 162 
11: 10 357 234 21 311 814 488 269 310 324 
12: 750 385 898 373 747 229 25 555 141 698 
13: 277 311 508 229 748 55 446 546 314 653 
14: 593 501 911 380 684 504 837 267 304 332 
15: 114 172 484 296 7 800 994 515 138 700 
16: 915 513 179 1 759 780 439 559 612 382 
17: 709 391 358 278 698 240 923 522 582 675 
18: 454 694 8 73 700 786 248 542 590 376 
19: 610 182 970 370 184 873 201 278 620 640 
20: 822 636 923 605 175 116 27 551 628 338 
21: 88 10 863 157 23 486 993 273 299 337 
22: 34 564 479 147 169 801 487 77 316 175 
23: 949 289 21 88 162 202 28 533 311 10 
24: 997 10 509 311 274 876 348 285 638 343 
25: 394 666 390 524 610 253 498 557 638 641 
26: 679 706 797 49 577 211 504 301 307 574 
27: 381 165 220 512 655 782 959 537 628 20 
28: 343 23 393 512 282 394 975 35 309 640 
29: 925 519 694 172 475 847 57 551 600 91 
30: 213 375 950 524 321 893 959 37 589 18 
31: 350 378 849 41 262 442 926 513 290 678 
32: 151 134 800 121 735 465 942 528 584 21 
33: 1 326 801 551 379 236 101 515 585 21 
34: 22 71 445 634 320 837 915 547 518 85 
35: 515 435 50 614 697 445 958 77 364 133 
36: 760 331 994 622 246 432 210 278 531 688 
37: 617 701 991 105 624 94 775 551 138 379 
38: 908 695 90 29 532 478 824 533 635 172 
39: 353 313 871 517 91 776 944 303 42 664 
40: 984 734 898 626 335 172 827 543 519 141 
41: 923 610 532 31 27 785 814 83 513 326 
42: 505 650 350 532 58 814 934 519 589 283 
43: 381 699 926 27 579 468 856 556 584 309 
44: 894 21 632 570 721 889 974 180 258 674 
45: 101 644 842 160 577 879 486 549 537 21 
46: 900 152 86 157 701 404 454 529 138 170 
47: 878 754 356 593 745 435 927 190 268 163 
48: 760 625 906 274 246 185 930 299 627 328 
49: 679 249 26 577 703 797 967 32 528 574 
50: 280 695 390 277 696 801 959 70 35 73 
51: 507 181 150 524 121 21 942 520 311 342 
52: 901 755 208 306 262 97 913 29 73 667 
53: 141 281 960 256 671 67 986 104 580 349 
54: 139 278 873 167 17 23 973 524 611 10 
55: 940 610 642 551 278 500 858 13 546 679 
56: 10 88 436 632 21 870 486 558 576 162 
57: 610 29 797 519 761 477 979 548 381 656 
58: 589 42 477 548 650 782 493 279 147 368 
59: 513 133 200 335 759 837 923 315 589 357 
60: 138 357 942 546 734 815 802 277 152 697 
61: 823 293 876 60 759 314 923 519 138 655 
62: 510 676 962 299 67 34 819 5 22 82 
63: 335 618 803 18 322 438 962 543 600 19 
64: 599 596 234 419 113 175 913 277 324 659 
65: 563 10 216 376 267 817 956 274 619 640 
66: 814 546 350 226 378 427 499 278 607 315 
67: 490 47 188 309 356 222 199 555 584 688 
68: 546 722 212 383 740 863 225 561 590 665 
69: 840 719 962 610 155 481 907 559 309 701 
70: 50 289 963 152 701 868 476 526 593 161 
71: 34 320 211 537 667 837 231 558 588 153 
72: 844 529 172 155 730 839 934 522 46 14 
73: 288 700 390 50 564 802 915 175 605 376 
74: 997 696 994 159 633 769 234 277 546 681 
75: 217 695 868 624 172 25 467 551 590 332 
76: 782 707 826 179 524 850 944 27 279 695 
77: 459 365 341 528 181 852 435 524 35 6 
78: 436 577 45 88 679 870 925 284 133 332 
79: 393 25 189 267 377 107 921 140 591 674 
80: 700 47 465 602 689 805 240 288 515 282 
81: 837 356 191 304 357 439 200 518 262 674 
82: 990 689 363 550 347 796 454 542 623 676 
83: 542 660 975 630 609 837 796 561 594 168 
84: 236 348 842 539 292 874 506 71 140 648 
85: 252 519 172 27 656 769 479 537 589 703 
86: 750 46 841 539 379 112 984 146 131 170 
87: 347 366 495 558 215 849 399 283 309 71 
88: 21 576 23 284 2 436 56 157 10 337 
89: 454 734 326 602 374 795 221 130 37 701 
90: 524 375 951 4 38 30 867 21 634 695 
91: 819 705 29 597 39 105 981 556 561 324 
92: 305 10 807 147 722 815 970 95 610 661 
93: 542 543 975 126 667 816 917 523 579 373 
94: 379 329 831 290 37 509 255 522 138 42 
95: 254 593 852 551 715 211 92 565 295 168 
96: 703 577 101 574 121 797 249 573 160 674 
97: 914 223 710 615 724 801 858 42 308 326 
98: 435 602 429 310 192 357 221 546 278 695 
99: 439 525 953 130 714 163 826 543 628 326 
100: 617 308 852 172 357 412 916 519 316 641 
101: 121 45 21 609 361 861 96 544 549 703 
102: 944 665 993 365 436 287 819 537 632 383 
103: 873 515 662 113 623 837 34 32 275 701 
104: 818 668 138 256 113 442 923 132 594 364 
105: 428 37 779 624 763 775 924 556 138 1 
106: 768 584 989 312 686 418 495 572 113 190 
107: 393 79 506 77 729 865 459 543 602 376 
108: 275 755 901 270 20 835 963 533 288 669 
109: 404 672 332 594 570 196 451 288 135 315 
110: 1 9 824 151 665 451 507 517 32 356 
111: 720 73 963 536 636 220 450 533 317 183 
112: 636 288 926 605 85 390 816 532 524 73 
113: 802 692 364 515 281 494 994 157 316 117 
114: 15 716 792 620 181 865 958 515 267 18 
115: 838 622 295 358 379 851 994 560 566 338 
116: 916 20 598 586 172 29 206 1 152 46 
117: 73 141 801 280 376 201 103 20 611 696 
118: 190 555 403 594 653 434 491 309 173 668 
119: 964 695 376 536 364 425 802 50 281 316 
120: 212 705 820 36 726 14 987 258 288 375 
121: 96 703 101 292 574 797 942 32 150 644 
122: 773 335 946 376 558 712 808 524 607 97 
123: 563 163 850 187 761 826 915 524 309 63 
124: 248 293 177 163 707 877 235 563 298 668 
125: 769 557 454 532 213 260 994 533 590 343 
126: 523 93 806 373 377 796 975 542 610 325 
127: 560 384 320 212 313 394 953 278 155 700 
128: 29 548 772 172 166 458 479 519 593 663 
129: 146 133 786 86 747 245 455 130 45 40 
130: 155 306 398 149 698 846 943 524 290 358 
131: 790 747 994 153 451 786 606 566 86 165 
132: 797 268 962 57 758 222 69 73 577 676 
133: 59 129 875 594 332 254 967 153 537 672 
134: 247 628 32 612 9 852 506 275 558 338 
135: 765 534 501 109 295 874 7 318 581 695 
136: 785 190 177 563 712 872 938 276 593 374 
137: 959 150 25 548 734 213 7 283 614 347 
138: 493 734 819 627 558 442 206 37 544 324 
139: 54 278 438 594 358 837 940 133 305 642 
140: 729 459 958 291 734 181 865 515 593 648 
141: 309 53 117 175 349 801 986 256 260 73 
142: 151 734 503 563 641 848 984 557 327 27 
143: 147 305 218 260 377 213 973 559 278 648 
144: 153 183 503 553 759 769 506 519 610 29 
145: 146 293 845 172 747 229 25 539 639 659 
146: 661 129 427 304 145 790 976 539 273 324 
147: 278 559 807 620 370 218 947 167 143 92 
148: 734 353 938 315 72 209 776 522 290 673 
149: 130 605 398 610 700 410 964 522 155 172 
150: 629 51 878 137 692 229 507 562 67 644 
151: 32 142 852 550 679 412 506 20 601 186 
152: 326 734 849 72 701 805 116 70 637 46 
153: 144 535 826 275 181 393 958 57 600 687 
154: 665 673 819 336 560 192 510 553 622 50 
155: 698 567 900 357 72 391 206 529 290 172 
156: 748 504 423 359 594 849 217 560 619 695 
157: 576 21 113 273 88 198 949 558 46 679 
158: 698 238 391 567 730 408 454 155 290 94 
159: 57 322 817 561 138 473 193 262 610 674 
160: 96 703 797 26 610 45 980 574 292 644 
161: 236 350 497 565 70 788 47 532 577 697 
162: 23 284 392 584 21 774 10 539 289 645 
163: 248 563 123 374 179 826 234 525 590 641 
164: 537 25 391 155 730 436 900 72 309 357 
165: 27 599 450 317 644 47 194 275 621 664 
166: 360 699 803 590 722 489 436 536 564 642 
167: 147 278 20 54 182 218 970 559 611 335 
168: 750 747 790 294 715 844 455 543 83 676 
169: 22 138 840 16 346 393 923 525 604 685 
170: 698 406 46 522 709 391 923 86 582 21 
171: 546 602 856 599 745 390 991 261 197 74 
172: 519 72 252 29 761 410 470 155 631 16 
173: 761 117 408 359 519 396 923 73 583 699 
174: 515 288 504 559 716 865 445 6 35 673 
175: 376 696 801 20 281 390 461 280 141 73 
176: 369 644 873 163 379 879 88 568 584 657 
177: 782 179 124 563 380 204 248 293 309 695 
178: 414 543 915 37 700 849 890 29 18 379 
179: 298 293 826 16 708 27 480 519 177 332 
180: 416 524 800 546 703 21 475 140 577 659 
181: 393 114 792 535 734 459 140 153 77 372 
182: 740 19 942 542 147 771 479 305 620 332 
183: 735 546 809 636 144 470 394 277 59 697 
184: 584 289 781 19 648 890 915 513 593 190 
185: 299 328 930 627 760 223 48 566 531 331 
186: 617 703 247 138 598 800 916 37 151 337 
187: 768 686 457 565 288 781 389 260 632 682 
188: 876 508 754 595 356 372 910 257 563 190 
189: 79 515 958 635 181 113 393 153 541 640 
190: 820 593 405 528 708 47 910 543 356 676 
191: 81 751 959 32 641 57 847 530 292 703 
192: 583 748 488 325 392 875 56 558 154 22 
193: 590 469 779 248 339 823 231 537 579 314 
194: 699 165 438 335 678 235 471 133 526 629 
195: 906 761 963 142 627 437 390 157 274 663 
196: 823 293 295 109 374 469 392 21 631 695 
197: 800 619 697 546 599 496 991 171 435 641 
198: 157 643 797 548 535 769 973 29 39 379 
199: 555 405 67 571 754 873 508 356 593 697 
200: 59 299 942 263 734 856 475 67 589 378 
201: 117 545 19 610 152 396 967 546 520 329 
202: 577 23 860 367 734 398 923 140 593 164 
203: 8 331 400 34 266 825 898 543 628 673 
204: 707 177 782 163 517 785 241 136 579 641 
205: 859 738 311 290 309 474 500 557 2 324 
206: 138 155 852 586 380 412 984 570 608 674 
207: 795 692 288 289 701 840 896 527 187 668 
208: 50 335 497 543 297 404 25 175 63 693 
209: 763 353 439 610 719 871 503 39 306 148 
210: 760 432 952 328 547 36 185 512 622 645 
211: 820 357 419 544 667 324 967 303 85 234 
212: 353 659 784 560 383 477 225 283 154 285 
213: 30 321 509 297 649 50 986 137 590 286 
214: 948 21 848 269 728 11 223 520 311 693 
215: 463 87 147 299 366 837 500 546 139 348 
216: 964 620 756 583 418 65 947 543 584 348 
217: 75 765 504 172 332 105 234 135 295 21 
218: 829 147 305 143 740 438 923 559 620 642 
219: 808 651 403 577 735 894 993 16 383 680 
220: 27 537 994 309 383 475 963 533 636 674 
221: 433 734 849 529 748 770 451 89 639 293 
222: 584 348 475 67 744 60 987 21 132 88 
223: 299 185 916 97 685 214 437 557 627 667 
224: 234 745 819 596 674 435 929 525 272 324 
225: 353 287 923 517 383 394 969 285 579 664 
226: 837 350 770 513 66 378 923 146 639 2 
227: 45 528 879 574 706 882 949 297 590 703 
228: 970 746 769 515 68 73 491 27 300 355 
229: 824 286 698 581 529 849 499 150 50 343 
230: 328 699 814 594 717 12 970 546 278 311 
231: 358 727 872 278 305 193 449 546 71 667 
232: 885 288 692 524 375 801 467 25 614 217 
233: 927 42 21 568 644 870 477 519 581 379 
234: 546 11 224 357 745 419 98 163 576 324 
235: 629 730 194 153 155 839 994 124 567 170 
236: 682 350 856 161 304 501 935 513 278 381 
237: 585 351 507 558 321 811 950 303 338 666 
238: 525 762 451 158 94 822 936 93 603 648 
239: 835 424 695 138 722 775 993 533 618 668 
240: 391 749 925 155 72 844 358 542 611 94 
241: 782 695 785 563 524 439 905 172 16 689 
242: 272 11 840 73 184 802 942 67 316 328 
243: 695 390 964 605 706 29 915 267 524 694 
244: 524 25 994 79 698 816 29 133 587 674 
245: 988 129 747 602 338 786 458 90 558 380 
246: 930 622 48 328 299 36 882 566 274 657 
247: 134 261 916 543 658 841 412 524 628 674 
248: 163 707 826 29 626 124 18 557 548 695 
249: 504 644 49 528 703 879 96 85 577 574 
250: 761 339 783 138 221 89 457 265 590 330 
251: 275 533 964 172 345 57 963 108 288 668 
252: 548 85 951 172 359 396 915 519 589 34 
253: 548 25 390 151 335 210 479 85 628 698 
254: 95 318 981 293 695 848 455 544 632 160 
255: 570 138 868 1 40 779 955 94 293 694 
256: 349 281 802 53 152 104 948 141 316 175 
257: 680 90 504 34 188 840 931 273 597 72 
258: 47 372 405 571 699 21 475 317 590 356 
259: 864 650 445 255 138 354 484 37 304 1 
260: 143 113 895 278 323 442 960 536 610 187 
261: 288 551 852 247 700 59 965 546 605 376 
262: 350 31 846 532 376 837 935 552 151 652 
263: 200 320 769 596 272 47 941 2 135 666 
264: 488 88 284 577 378 769 964 558 10 703 
265: 734 290 795 376 605 868 924 278 300 343 
266: 782 374 888 594 734 298 905 40 519 179 
267: 648 515 994 393 543 847 79 65 577 6 
268: 398 647 2 593 132 47 986 571 565 172 
269: 748 277 770 234 715 444 933 514 34 175 
270: 25 306 20 165 88 108 995 533 628 345 
271: 372 603 916 546 20 438 970 256 173 92 
272: 419 546 242 310 333 54 47 263 599 697 
273: 863 605 157 21 748 475 47 517 88 680 
274: 906 760 397 138 627 882 923 546 617 666 
275: 108 735 251 551 153 393 57 138 32 165 
276: 355 372 872 113 697 870 942 555 288 190 
277: 599 50 819 558 697 786 993 317 546 348 
278: 610 147 769 620 732 814 473 54 559 642 
279: 826 536 298 374 58 850 984 163 613 172 
280: 696 50 420 552 376 117 941 309 632 175 
281: 536 113 801 175 138 802 918 256 622 349 
282: 729 514 958 515 393 792 472 80 153 640 
283: 366 659 510 543 336 59 42 313 584 212 
284: 289 264 486 88 162 794 935 273 10 172 
285: 769 212 752 287 313 504 59 569 288 686 
286: 498 614 830 589 653 229 959 561 302 692 
287: 784 323 225 605 285 21 931 563 153 335 
288: 73 605 808 533 695 112 963 551 261 700 
289: 284 23 488 184 697 876 458 558 618 70 
290: 900 138 155 559 734 442 868 94 130 343 
291: 140 530 833 22 729 813 929 18 584 367 
292: 842 574 121 577 703 504 479 528 358 644 
293: 318 179 795 594 694 823 944 135 145 332 
294: 654 750 826 319 557 786 965 12 153 383 
295: 737 672 135 172 196 874 994 72 293 631 
296: 994 15 515 543 645 467 981 512 632 188 
297: 494 581 852 355 738 213 208 7 580 679 
298: 179 279 826 266 708 869 984 563 613 343 
299: 625 185 246 364 48 200 21 274 627 667 
300: 611 326 451 147 766 876 993 57 570 161 
301: 706 50 422 552 577 815 460 160 369 280 
302: 309 46 801 286 689 876 964 138 292 676 
303: 850 354 10 563 39 504 211 559 593 642 
304: 236 324 146 288 695 788 937 551 624 14 
305: 218 722 973 147 92 853 143 278 610 648 
306: 782 112 345 533 130 806 21 270 605 88 
307: 794 246 912 299 274 432 328 138 285 703 
308: 608 764 984 186 100 827 848 151 270 657 
309: 505 326 141 525 1 802 993 532 280 190 
310: 546 98 234 357 272 197 449 515 578 681 
311: 488 748 10 157 2 11 436 542 609 697 
312: 768 389 584 565 756 781 453 524 347 699 
313: 39 285 944 552 665 797 505 283 287 655 
314: 21 673 192 634 358 806 469 543 299 701 
315: 59 700 109 91 589 769 967 550 148 66 
316: 802 349 536 10 22 855 100 256 593 653 
317: 599 635 817 277 710 769 994 530 602 697 
318: 695 293 135 537 382 850 254 553 288 217 
319: 993 657 491 21 82 424 479 542 583 164 
320: 962 71 34 263 338 421 990 127 593 647 
321: 666 213 893 154 641 30 469 557 598 524 
322: 618 592 928 63 667 850 968 558 159 146 
323: 918 260 881 281 376 287 784 573 632 87 
324: 211 546 817 524 364 138 978 304 146 91 
325: 392 326 339 558 152 833 993 277 624 677 
326: 152 734 851 1 309 858 924 538 89 325 
327: 617 734 805 37 590 852 965 10 142 643 
328: 185 358 246 48 307 397 210 531 274 645 
329: 94 673 923 556 83 785 497 135 611 660 
330: 353 1 805 72 734 871 392 132 637 697 
331: 36 673 48 293 185 876 122 566 577 40 
332: 502 293 217 109 672 858 133 18 135 182 
333: 697 599 272 597 419 878 478 546 98 640 
334: 507 666 959 592 713 878 506 565 274 73 
335: 63 59 122 519 714 405 236 287 29 172 
336: 944 59 776 283 758 831 529 304 154 326 
337: 21 590 436 88 17 860 475 527 293 661 
338: 750 747 880 636 20 846 988 531 281 335 
339: 734 1 823 591 325 833 924 277 46 326 
340: 585 745 437 520 180 769 940 22 602 693 
341: 77 155 873 524 164 428 994 89 593 343 
342: 543 759 915 283 57 51 768 314 584 380 
343: 840 734 28 309 584 211 981 278 152 94 
344: 389 584 768 312 682 496 418 515 63 655 
345: 306 29 873 73 88 27 925 549 277 669 
346: 534 380 923 532 50 850 971 274 578 166 
347: 614 29 511 359 651 25 427 312 589 82 
348: 27 84 222 277 686 24 964 512 584 67 
349: 696 256 425 316 175 887 931 281 141 323 
350: 825 637 532 262 678 770 221 513 31 378 
351: 542 237 859 376 663 877 900 309 282 88 
352: 326 325 994 142 112 858 89 35 288 329 
353: 212 383 503 595 665 784 39 569 42 330 
354: 676 650 837 539 750 846 984 303 600 83 
355: 356 276 456 546 188 401 910 21 297 668 
356: 555 47 395 355 754 21 508 14 593 172 
357: 155 11 234 546 689 870 98 310 133 350 
358: 709 545 479 629 231 398 17 292 328 679 
359: 589 584 959 454 347 252 909 45 355 682 
360: 166 147 463 576 34 803 395 263 278 695 
361: 101 639 878 638 677 394 910 292 593 356 
362: 734 354 819 582 172 194 905 559 567 335 
363: 82 551 484 69 701 840 451 294 288 352 
364: 113 299 21 175 734 419 59 546 311 35 
365: 769 452 697 142 77 317 965 127 602 665 
366: 283 555 825 236 350 501 508 87 634 680 
367: 413 748 939 524 172 29 935 310 291 350 
368: 479 589 874 172 670 57 42 278 548 330 
369: 797 26 176 307 644 399 981 528 577 138 
370: 147 738 962 593 19 420 942 555 34 320 
371: 680 57 831 87 643 866 989 14 583 632 
372: 271 356 826 190 188 840 456 258 309 697 
373: 542 377 806 523 278 12 7 126 295 655 
374: 734 163 958 89 266 785 938 279 582 177 
375: 893 90 641 30 605 499 959 274 557 651 
376: 175 696 390 524 280 801 986 73 605 8 
377: 373 542 771 126 725 493 986 311 155 673 
378: 678 350 825 526 31 442 474 66 595 264 
379: 896 10 94 527 86 851 454 135 157 679 
380: 827 704 14 298 177 880 934 542 158 89 
381: 27 43 236 579 759 414 935 132 69 699 
382: 318 293 935 94 695 423 393 135 16 179 
383: 664 353 784 179 212 510 225 546 294 285 
384: 629 703 454 127 357 842 959 528 25 155 
385: 883 548 12 539 326 25 959 281 589 175 
386: 311 269 442 290 376 870 949 81 277 667 
387: 10 720 784 21 287 503 967 546 583 163 
388: 412 551 880 577 654 175 980 545 558 650 
389: 344 584 768 187 312 414 923 309 628 669 
390: 376 175 25 281 73 878 243 551 633 666 
391: 698 730 240 582 398 17 900 529 158 164 
392: 325 192 162 268 734 436 475 537 605 647 
393: 181 734 792 282 729 459 958 153 140 28 
394: 687 25 958 94 282 509 847 567 577 640 
395: 356 370 435 595 188 875 958 515 555 673 
396: 951 597 477 589 651 830 926 270 173 380 
397: 274 328 976 627 760 437 987 73 48 700 
398: 522 698 898 391 572 773 268 559 149 675 
399: 990 547 493 34 163 82 840 138 605 703 
400: 419 625 203 154 697 97 906 552 564 645 
401: 535 528 772 153 189 792 942 526 635 657 
402: 104 577 894 632 695 850 124 537 578 680 
403: 219 570 463 632 766 118 434 309 524 680 
404: 109 627 994 315 746 393 962 570 610 328 
405: 429 738 190 571 754 199 910 150 624 136 
406: 170 572 422 155 762 839 952 552 597 698 
407: 720 486 436 551 753 198 23 311 533 701 
408: 579 537 777 173 734 877 994 158 587 698 
409: 785 316 151 175 652 875 916 551 296 357 
410: 915 628 172 16 149 389 964 548 151 700 
411: 383 102 320 525 132 430 907 551 577 169 
412: 388 654 852 100 586 151 916 551 261 7 
413: 501 542 367 344 80 820 911 543 603 641 
414: 738 278 389 59 178 797 479 260 584 653 
415: 49 665 212 579 314 878 969 127 34 165 
416: 879 117 180 593 648 820 942 293 571 187 
417: 8 172 984 557 731 852 910 538 590 42 
418: 106 312 216 584 749 778 964 278 543 694 
419: 546 211 234 272 357 817 192 277 596 642 
420: 801 280 281 175 706 878 917 56 593 689 
421: 941 1 320 632 69 383 852 570 304 679 
422: 406 747 301 567 155 226 451 553 582 659 
423: 594 581 18 54 672 776 981 561 63 382 
424: 680 598 920 578 239 837 894 558 319 651 
425: 646 349 980 555 364 769 923 256 580 119 
426: 709 698 793 358 572 450 406 127 629 379 
427: 788 682 350 66 721 825 926 513 14 146 
428: 105 668 783 590 632 1 994 537 341 701 
429: 405 356 98 299 258 784 910 553 188 335 
430: 357 175 479 546 745 842 929 525 616 71 
431: 63 144 488 73 738 835 203 551 636 322 
432: 610 210 906 36 710 122 147 13 278 331 
433: 221 683 770 16 722 837 946 77 36 339 
434: 403 378 376 594 118 427 923 294 557 697 
435: 578 47 98 635 698 819 451 142 515 674 
436: 10 21 966 311 748 774 56 537 632 337 
437: 792 558 499 544 734 274 976 223 607 340 
438: 722 194 803 54 63 139 908 278 147 695 
439: 610 676 775 1 16 99 241 513 309 91 
440: 42 519 833 610 650 122 249 138 558 350 
441: 962 211 769 268 602 745 819 524 632 365 
442: 825 350 856 260 138 378 946 262 295 650 
443: 584 63 831 335 700 824 902 548 1 646 
444: 320 701 840 29 34 814 454 71 288 269 
445: 34 35 470 528 84 401 249 259 8 40 
446: 958 59 800 514 181 393 140 515 607 165 
447: 558 488 486 576 691 863 56 568 128 88 
448: 50 706 206 628 261 773 112 151 275 662 
449: 310 689 940 553 231 454 816 537 144 358 
450: 165 685 963 537 27 779 922 317 73 376 
451: 729 468 958 326 720 221 849 77 565 358 
452: 769 32 365 517 360 776 944 154 310 693 
453: 768 187 584 312 684 820 996 264 583 66 
454: 359 379 898 590 698 396 959 275 147 89 
455: 705 254 996 146 309 769 129 1 16 343 
456: 617 206 932 327 372 824 21 46 600 679 
457: 187 37 250 273 22 775 980 1 309 682 
458: 289 245 128 519 172 427 908 155 617 345 
459: 77 140 393 6 648 792 451 515 607 181 
460: 544 644 461 45 101 797 8 301 267 182 
461: 175 573 837 574 648 460 997 89 597 376 
462: 478 283 233 589 683 42 424 547 138 703 
463: 215 360 403 258 701 188 489 23 299 161 
464: 980 608 141 186 706 399 420 551 307 101 
465: 0 32 806 288 80 875 469 542 10 83 
466: 394 630 905 553 373 473 782 98 567 665 
467: 981 537 557 471 323 193 901 519 73 172 
468: 451 532 994 236 648 825 350 544 612 161 
469: 823 152 590 326 734 196 955 554 314 321 
470: 172 551 445 608 353 392 932 528 183 42 
471: 792 610 194 551 189 153 467 282 55 334 
472: 958 577 282 132 734 794 985 546 514 185 
473: 769 278 693 211 620 500 958 140 19 665 
474: 378 221 911 595 350 205 843 262 53 678 
475: 29 720 769 558 734 863 994 544 311 651 
476: 923 70 225 287 664 826 25 546 603 353 
477: 57 534 396 520 734 212 949 85 155 172 
478: 598 462 98 333 764 100 38 551 612 683 
479: 22 358 772 548 368 253 996 85 147 182 
480: 850 563 782 177 674 179 935 293 613 25 
481: 69 326 937 623 701 54 840 33 10 34 
482: 590 436 852 273 712 392 986 88 54 646 
483: 903 742 172 599 123 417 971 520 88 666 
484: 728 15 833 547 363 451 990 83 292 642 
485: 589 16 57 519 759 410 493 551 153 701 
486: 21 10 56 284 45 407 949 558 610 691 
487: 801 593 892 36 746 22 999 73 267 645 
488: 264 311 940 10 21 11 447 568 289 691 
489: 717 463 796 559 630 166 480 362 542 312 
490: 67 601 254 594 356 774 936 570 182 668 
491: 690 412 959 157 82 319 916 551 588 676 
492: 209 327 21 565 747 790 499 39 154 343 
493: 138 29 953 548 734 399 925 40 589 695 
494: 113 297 21 557 19 777 950 175 289 8 
495: 106 701 989 542 584 820 87 555 57 676 
496: 852 264 442 7 197 344 937 283 626 682 
497: 673 161 868 577 329 208 999 78 288 293 
498: 641 25 971 557 286 878 499 151 135 692 
499: 50 375 498 519 357 881 437 520 614 651 
500: 817 697 940 55 610 473 317 272 599 693 
501: 577 14 27 135 381 413 236 73 20 42 
502: 332 556 858 586 695 412 911 373 526 317 
503: 353 673 817 21 144 209 225 541 610 142 
504: 249 292 879 14 760 878 27 528 285 42 
505: 309 42 249 574 689 858 221 8 313 175 
506: 809 151 107 144 181 73 918 277 5 334 
507: 334 25 959 616 666 878 51 151 530 641 
508: 555 627 984 356 366 395 199 533 188 653 
509: 394 1 94 610 701 213 948 527 255 37 
510: 871 283 383 277 353 62 944 154 311 664 
511: 817 347 113 9 10 874 973 565 618 700 
512: 27 612 28 584 684 210 57 562 348 691 
513: 59 350 926 532 682 16 849 564 294 46 
514: 282 618 852 269 673 817 472 528 551 353 
515: 35 529 958 526 700 113 853 267 584 648 
516: 21 531 882 36 760 857 995 317 576 331 
517: 597 664 204 551 39 794 225 560 304 675 
518: 34 14 47 152 81 435 938 546 593 332 
519: 172 29 57 548 85 850 925 547 138 656 
520: 808 201 964 526 763 577 788 311 570 644 
521: 819 546 978 260 645 113 795 288 309 326 
522: 398 170 72 309 734 833 993 554 577 337 
523: 542 126 93 373 20 796 954 525 630 700 
524: 734 376 777 557 90 244 112 563 605 25 
525: 806 309 238 542 714 769 501 523 630 345 
526: 808 570 515 378 695 796 502 542 589 357 
527: 379 590 823 538 21 509 417 10 337 647 
528: 577 573 797 8 703 883 249 281 190 32 
529: 72 515 229 336 155 46 221 57 617 164 
530: 507 697 451 317 555 813 291 122 616 367 
531: 760 625 857 299 48 870 906 524 622 654 
532: 350 309 832 605 221 825 937 513 637 161 
533: 288 306 847 220 345 88 251 551 277 38 
534: 695 765 477 524 135 850 981 293 318 109 
535: 153 181 401 267 175 393 958 526 140 165 
536: 802 316 281 113 376 801 986 260 279 175 
537: 408 628 20 164 45 220 981 544 318 10 
538: 858 417 590 527 731 326 896 37 94 138 
539: 750 747 880 5 739 385 898 558 583 84 
540: 964 684 475 32 761 11 994 299 613 348 
541: 515 5 503 189 648 806 393 15 10 77 
542: 806 373 771 609 93 83 917 523 543 693 
543: 584 542 768 93 686 782 964 190 267 703 
544: 138 660 460 571 101 863 475 537 133 679 
545: 358 201 846 262 715 488 238 157 304 21 
546: 419 642 234 596 357 817 981 272 578 310 
547: 210 519 34 320 650 399 484 278 147 172 
548: 252 634 253 519 347 772 493 137 128 663 
549: 630 8 101 45 728 877 121 562 537 345 
550: 393 635 824 82 703 151 485 521 25 657 
551: 852 623 586 3 695 29 470 37 608 658 
552: 280 531 819 262 320 769 952 313 622 175 
553: 50 181 459 635 665 792 488 537 318 144 
554: 524 734 846 522 475 499 968 155 584 358 
555: 199 356 508 571 754 2 911 530 600 661 
556: 858 329 138 91 748 868 229 29 629 703 
557: 592 524 903 467 666 893 777 142 294 641 
558: 138 277 447 96 325 789 475 539 88 703 
559: 147 278 398 16 722 218 908 32 290 174 
560: 212 748 127 597 154 115 944 517 102 683 
561: 954 586 748 91 83 819 805 546 542 159 
562: 660 34 840 512 27 775 484 150 309 655 
563: 163 123 777 524 374 826 480 298 579 641 
564: 73 22 939 604 350 849 867 532 37 175 
565: 781 1 584 20 161 451 936 551 311 326 
566: 667 48 808 328 622 115 246 547 131 83 
567: 155 698 927 572 188 394 235 154 158 50 
568: 488 289 21 558 748 870 486 38 584 692 
569: 659 353 931 283 285 785 212 179 604 14 
570: 255 680 920 526 109 1 403 21 632 674 
571: 199 754 910 555 662 47 931 372 544 258 
572: 698 709 170 72 398 839 927 522 617 155 
573: 528 703 96 577 461 861 504 280 589 323 
574: 703 679 96 573 121 49 26 528 577 644 
575: 221 656 123 172 564 42 493 138 631 362 
576: 88 157 234 21 360 198 906 516 598 703 
577: 96 703 501 292 528 894 26 573 278 648 
578: 435 546 993 587 697 424 277 73 21 680 
579: 408 381 823 613 93 163 923 309 563 27 
580: 858 53 801 297 155 725 986 281 268 373 
581: 135 297 875 112 695 423 254 542 150 337 
582: 391 734 358 92 374 844 928 563 627 221 
583: 192 720 768 639 584 216 964 277 632 21 
584: 768 543 184 359 312 443 909 515 589 684 
585: 724 528 883 340 237 238 916 565 589 33 
586: 551 116 206 561 735 852 965 288 628 327 
587: 789 524 21 578 721 850 993 304 610 88 
588: 454 676 491 260 626 866 71 82 138 699 
589: 742 359 953 584 58 856 252 548 573 643 
590: 482 624 469 327 701 775 193 538 527 647 
591: 339 235 859 579 679 406 504 155 524 78 
592: 557 322 959 334 25 782 243 144 633 692 
593: 14 190 911 584 356 47 870 268 632 697 
594: 423 695 133 293 109 83 897 546 138 335 
595: 353 378 395 528 188 792 508 137 617 702 
596: 546 277 819 64 745 234 933 263 599 658 
597: 769 517 913 605 396 819 696 560 546 674 
598: 116 576 478 186 32 424 206 138 570 674 
599: 317 277 197 602 745 769 913 546 64 333 
600: 721 680 984 555 153 827 889 570 578 40 
601: 797 699 611 175 151 852 490 267 605 703 
602: 599 98 817 317 745 769 913 131 614 171 
603: 839 238 827 271 712 619 231 546 309 667 
604: 138 564 849 175 734 221 965 556 86 50 
605: 288 20 881 524 376 801 923 273 73 696 
606: 747 639 790 168 131 451 435 12 557 161 
607: 727 648 446 579 122 66 459 148 617 264 
608: 308 617 470 551 327 852 100 42 206 172 
609: 542 83 101 277 694 771 897 57 311 373 
610: 278 57 19 147 740 432 25 34 620 648 
611: 732 300 54 601 243 803 1 147 278 655 
612: 512 628 921 29 662 442 27 151 277 337 
613: 938 179 826 279 708 408 579 72 563 323 
614: 885 25 347 602 692 50 971 546 286 35 
615: 97 323 101 2 690 400 245 558 575 380 
616: 546 507 317 183 765 834 973 530 581 695 
617: 186 327 100 608 37 852 916 138 551 142 
618: 63 322 981 514 676 115 968 546 13 289 
619: 10 603 197 91 741 769 991 551 561 65 
620: 147 278 970 610 642 218 216 143 19 640 
621: 755 165 963 636 112 20 73 57 270 133 
622: 246 718 994 281 531 210 988 571 627 328 
623: 551 103 819 29 711 82 990 268 304 90 
624: 590 37 105 75 326 775 924 260 1 647 
625: 760 299 906 48 531 122 930 274 622 673 
626: 248 628 979 172 40 396 29 519 309 164 
627: 760 185 906 299 138 397 404 531 274 328 
628: 20 626 410 537 186 27 919 134 138 327 
629: 235 762 384 572 698 793 194 515 603 35 
630: 549 83 769 525 641 466 489 523 638 377 
631: 172 737 899 543 295 98 196 89 278 700 
632: 994 570 436 56 680 280 428 293 593 695 
633: 25 692 50 74 557 390 507 571 592 641 
634: 548 34 57 90 172 106 915 314 590 327 
635: 640 317 817 550 50 435 958 277 594 695 
636: 112 546 20 73 183 769 935 129 605 338 
637: 350 701 825 152 532 837 935 1 31 678 
638: 25 630 392 284 720 860 994 138 274 703 
639: 747 606 898 583 739 221 880 526 295 190 
640: 635 393 994 620 683 28 394 135 282 673 
641: 498 666 375 25 524 878 507 557 630 142 
642: 546 55 868 278 139 775 923 287 620 662 
643: 138 589 198 57 371 874 947 135 617 324 
644: 797 703 21 45 574 249 121 292 275 176 
645: 994 28 760 521 309 210 792 277 267 328 
646: 425 175 50 280 700 873 482 548 584 138 
647: 268 701 823 624 590 868 955 527 37 94 
648: 892 461 515 607 731 267 459 541 610 689 
649: 213 605 948 172 349 27 25 135 280 159 
650: 42 138 943 31 703 442 864 274 304 354 
651: 57 347 959 577 375 219 403 524 558 641 
652: 834 357 221 551 262 837 934 532 594 698 
653: 508 555 394 316 725 414 229 286 582 687 
654: 988 747 26 281 294 425 388 531 138 661 
655: 27 610 775 543 676 823 947 562 313 644 
656: 519 57 29 85 73 410 951 268 575 173 
657: 7 332 14 631 319 396 899 550 308 651 
658: 852 247 551 311 703 412 492 546 596 641 
659: 569 212 770 283 353 784 226 181 619 673 
660: 83 662 924 544 562 784 248 329 584 343 
661: 146 747 926 129 739 245 787 131 1 92 
662: 660 103 47 612 571 50 941 73 335 72 
663: 925 351 29 597 268 777 57 561 548 85 
664: 383 517 931 357 313 39 225 165 283 350 
665: 353 154 784 39 313 102 121 553 311 673 
666: 25 641 507 557 321 769 390 524 304 667 
667: 566 625 910 211 666 71 900 299 557 376 
668: 876 1 924 152 734 21 428 548 70 677 
669: 7 345 389 636 20 52 901 146 628 699 
670: 951 368 289 304 113 57 874 564 146 676 
671: 769 699 993 53 546 681 796 309 277 542 
672: 295 109 59 133 332 875 504 63 293 689 
673: 503 154 497 543 640 776 353 185 314 329 
674: 703 570 965 597 3 96 806 376 546 8 
675: 900 398 730 517 698 240 17 567 145 170 
676: 439 655 354 309 618 890 911 519 610 370 
677: 876 376 920 620 668 428 325 91 538 680 
678: 378 350 825 637 31 867 926 78 532 650 
679: 574 703 879 157 49 26 910 138 151 358 
680: 920 424 894 600 748 371 570 164 257 690 
681: 913 475 745 525 561 806 958 546 596 357 
682: 236 513 427 344 359 5 936 10 311 350 
683: 758 640 803 73 724 801 944 569 288 365 
684: 14 584 964 543 765 811 831 512 589 359 
685: 450 758 113 269 700 840 223 569 309 702 
686: 726 756 768 285 543 820 994 89 584 655 
687: 394 153 451 567 326 782 28 550 142 695 
688: 67 36 121 256 760 389 47 151 299 337 
689: 698 357 505 558 82 855 923 283 290 80 
690: 491 750 97 553 680 889 437 570 600 338 
691: 488 512 450 73 759 863 486 295 311 692 
692: 113 614 895 633 651 499 50 260 90 684 
693: 8 543 800 16 357 473 504 542 630 703 
694: 29 293 817 295 332 18 243 519 255 695 
695: 534 318 50 243 765 802 930 288 594 90 
696: 280 50 862 175 376 801 924 73 597 74 
697: 289 365 870 593 72 197 993 546 311 701 
698: 391 572 155 170 709 398 454 17 629 689 
699: 194 722 816 601 282 854 230 278 166 173 
700: 73 515 899 80 695 769 113 315 288 18 
701: 955 37 152 637 735 463 779 70 46 1 
702: 943 763 725 595 510 768 354 524 520 685 
703: 96 574 879 577 679 121 21 543 573 674 
704: 542 343 808 380 37 824 931 309 584 86 
705: 455 288 91 293 164 769 998 132 16 45 
706: 301 96 797 577 160 26 923 546 45 654 
707: 782 524 248 163 641 27 204 563 9 177 
708: 826 374 850 298 712 780 243 563 309 687 
709: 17 358 398 572 698 384 972 34 629 170 
710: 317 210 97 622 738 432 906 566 278 673 
711: 994 444 715 70 555 306 840 542 586 693 
712: 708 122 482 293 277 780 5 276 172 372 
713: 557 334 959 131 682 213 801 281 614 102 
714: 525 335 850 123 163 229 99 550 260 644 
715: 739 57 442 168 610 21 935 545 269 679 
716: 114 73 451 593 175 198 21 36 140 319 
717: 489 738 942 167 548 817 230 295 604 166 
718: 622 138 817 370 734 432 923 274 627 339 
719: 69 700 209 269 629 842 236 520 295 673 
720: 475 10 451 583 21 407 2 543 617 350 
721: 600 680 427 583 766 827 898 570 587 173 
722: 803 699 438 559 740 305 463 166 68 92 
723: 935 657 837 57 551 392 83 157 575 82 
724: 585 683 796 357 97 844 939 525 539 314 
725: 377 584 398 580 702 877 907 542 373 639 
726: 686 756 768 381 543 820 909 312 147 684 
727: 607 551 803 231 354 846 488 274 294 650 
728: 484 594 357 549 735 868 977 304 133 660 
729: 451 140 282 114 734 838 393 153 291 172 
730: 675 698 235 155 391 72 900 529 629 46 
731: 311 538 417 561 648 806 897 338 586 115 
732: 611 278 803 147 167 54 463 549 27 166 
733: 138 734 240 46 697 398 981 130 578 674 
734: 339 524 924 326 138 442 393 1 155 152 
735: 698 701 932 21 275 808 817 551 586 183 
736: 508 571 469 165 738 858 47 556 622 188 
737: 295 631 133 293 695 397 899 540 196 700 
738: 414 717 910 593 710 405 860 67 524 683 
739: 10 539 12 606 639 850 941 9 153 661 
740: 182 722 803 147 610 218 226 538 305 326 
741: 760 210 860 556 748 794 901 305 619 337 
742: 589 321 959 585 666 205 390 138 614 15 
743: 697 47 870 519 309 100 993 273 300 695 
744: 222 637 510 67 661 5 57 539 612 683 
745: 817 599 819 602 756 234 224 268 340 317 
746: 620 664 788 353 597 808 404 531 520 670 
747: 750 606 880 168 50 12 245 129 539 661 
748: 192 680 921 269 311 860 436 560 273 367 
749: 57 40 240 548 347 880 507 558 606 45 
750: 747 539 786 168 12 880 238 294 129 338 
751: 389 678 191 562 605 34 236 151 81 330 
752: 285 611 47 34 329 433 243 272 288 81 
753: 221 720 407 78 748 211 486 545 577 650 
754: 356 47 405 555 188 199 942 571 595 70 
755: 108 621 854 73 186 27 451 525 306 345 
756: 686 216 768 312 543 781 964 106 580 684 
757: 190 555 830 99 370 192 12 318 309 676 
758: 683 57 34 529 336 103 953 280 605 132 
759: 59 381 16 605 172 822 27 284 537 699 
760: 48 625 210 531 741 36 930 185 627 645 
761: 57 172 123 268 173 195 250 517 589 138 
762: 629 238 406 520 730 793 451 542 525 377 
763: 209 584 105 520 702 385 953 543 353 159 
764: 308 546 819 617 695 824 400 275 598 697 
765: 534 135 977 278 695 808 217 318 163 684 
766: 920 403 721 632 734 810 994 34 300 366 
767: 763 290 819 586 382 834 964 112 583 683 
768: 584 106 453 543 726 820 389 312 187 686 
769: 597 365 475 285 671 817 452 73 546 278 
770: 350 221 226 637 659 433 14 529 569 269 
771: 542 377 808 609 693 844 897 543 311 182 
772: 548 493 479 57 359 29 128 34 589 676 
773: 138 122 852 551 734 398 943 151 304 650 
774: 860 162 10 311 21 436 945 284 581 2 
775: 868 655 1 590 37 779 924 255 289 642 
776: 336 673 817 565 353 452 436 23 313 148 
777: 563 524 782 557 695 408 923 376 594 266 
778: 942 692 885 614 312 113 993 548 260 670 
779: 1 339 924 94 701 823 105 558 590 255 
780: 708 378 782 179 16 850 918 260 303 644 
781: 565 184 802 187 756 836 936 312 584 701 
782: 241 266 785 543 707 777 204 563 177 27 
783: 955 326 833 309 655 428 325 272 632 250 
784: 212 353 918 524 287 805 383 274 605 665 
785: 782 707 241 285 117 136 923 142 298 655 
786: 750 747 898 606 277 385 245 131 18 639 
787: 993 661 403 587 610 269 427 72 234 680 
788: 350 304 427 520 42 801 944 161 262 678 
789: 587 747 880 558 617 23 451 532 21 170 
790: 168 131 801 606 747 891 923 544 145 654 
791: 674 617 25 551 151 887 116 550 1 658 
792: 393 282 813 114 673 181 958 515 613 328 
793: 698 629 240 524 640 435 942 544 358 426 
794: 760 48 976 517 307 819 906 284 274 328 
795: 207 293 37 190 89 879 944 517 288 673 
796: 542 526 816 489 724 83 954 523 630 373 
797: 132 369 121 528 706 834 113 552 601 57 
798: 911 190 942 600 113 782 188 543 283 688 
799: 472 695 792 296 267 450 985 140 35 189 
800: 446 542 32 180 693 197 958 546 609 674 
801: 175 696 802 536 281 420 986 117 605 376 
802: 316 536 801 113 695 73 948 281 309 60 
803: 722 438 147 610 740 837 493 287 166 63 
804: 693 67 938 312 756 466 830 84 626 670 
805: 152 327 784 561 330 212 503 517 288 57 
806: 542 373 816 525 674 25 994 126 314 306 
807: 147 92 769 278 740 873 941 54 305 642 
808: 526 219 924 288 734 771 73 520 605 185 
809: 506 636 958 107 181 792 451 79 632 687 
810: 867 499 893 89 557 870 475 21 637 641 
811: 121 684 42 29 526 884 237 570 578 79 
812: 405 738 504 555 754 199 187 542 258 689 
813: 792 530 865 11 679 115 451 293 291 35 
814: 849 278 66 11 31 442 903 42 304 667 
815: 942 60 357 92 301 243 390 546 582 657 
816: 699 112 796 83 589 806 449 311 542 93 
817: 973 602 994 511 546 324 745 317 635 697 
818: 104 376 73 580 53 802 899 260 281 696 
819: 138 91 978 277 745 769 435 552 597 681 
820: 211 543 190 584 47 768 936 285 187 684 
821: 177 16 850 266 380 196 904 524 576 346 
822: 20 755 963 546 537 202 238 357 43 326 
823: 896 339 858 579 655 196 469 37 527 293 
824: 229 550 902 533 700 238 932 543 628 75 
825: 350 678 442 637 378 427 937 513 532 366 
826: 613 708 850 563 279 248 99 266 179 86 
827: 668 40 451 600 380 894 916 570 603 680 
828: 958 189 107 81 685 809 451 515 635 144 
829: 218 611 438 544 727 817 993 528 139 82 
830: 376 286 801 190 106 890 952 519 626 696 
831: 584 94 836 14 693 768 991 543 293 371 
832: 532 350 849 637 320 814 935 66 221 71 
833: 868 325 339 37 1 783 924 260 610 72 
834: 652 700 797 380 9 771 908 529 616 584 
835: 239 321 963 138 666 858 193 270 288 650 
836: 858 73 831 143 668 781 55 512 288 684 
837: 935 262 996 81 226 782 350 31 637 34 
838: 115 729 964 535 324 393 792 128 620 695 
839: 406 698 72 155 572 235 927 529 603 358 
840: 69 343 444 288 188 399 501 555 34 132 
841: 86 551 468 606 338 773 451 545 168 29 
842: 292 577 393 45 703 888 501 515 8 18 
843: 678 734 474 66 350 825 991 524 589 148 
844: 72 582 240 168 724 391 900 275 12 693 
845: 398 730 819 380 524 145 900 517 137 698 
846: 262 309 130 545 338 871 505 236 593 650 
847: 29 286 394 533 381 50 963 267 628 321 
848: 916 142 734 151 308 254 875 570 101 701 
849: 152 350 221 513 31 442 451 29 604 326 
850: 708 504 782 123 524 826 266 519 587 168 
851: 326 379 896 591 115 775 924 94 624 336 
852: 551 151 206 138 658 773 496 514 617 327 
853: 782 703 515 305 26 869 935 141 298 323 
854: 755 699 806 569 27 407 986 542 579 165 
855: 543 316 831 5 689 820 964 541 584 686 
856: 442 641 236 350 589 200 926 543 513 43 
857: 531 760 906 299 625 794 987 97 254 138 
858: 823 326 556 339 332 836 896 538 580 668 
859: 781 617 351 205 762 852 909 542 591 676 
860: 774 738 748 638 501 202 945 269 311 36 
861: 101 600 45 597 648 870 920 558 357 327 
862: 696 349 801 175 590 887 924 277 524 94 
863: 21 273 475 10 88 774 486 544 317 691 
864: 779 37 650 578 326 858 896 274 265 259 
865: 813 114 140 550 181 25 6 75 610 695 
866: 311 10 774 314 719 57 488 284 21 679 
867: 893 532 810 564 678 350 935 288 593 90 
868: 775 255 833 37 734 75 981 556 290 172 
869: 734 298 853 177 89 782 938 524 279 18 
870: 56 593 863 357 697 248 21 568 531 353 
871: 510 285 39 277 330 780 924 9 610 336 
872: 276 570 968 47 697 40 889 63 600 325 
873: 54 345 103 525 341 199 493 176 611 278 
874: 823 295 469 138 236 368 135 511 10 670 
875: 192 581 133 293 337 848 944 285 47 695 
876: 668 677 896 61 188 775 823 538 300 326 
877: 408 549 923 630 124 220 175 268 351 88 
878: 47 641 504 317 361 50 390 524 276 150 
879: 703 679 504 577 416 249 45 574 546 1 
880: 747 338 388 380 539 789 980 146 600 10 
881: 605 323 801 113 379 887 918 281 280 696 
882: 760 274 994 531 246 808 906 299 625 645 
883: 385 585 945 528 715 861 797 345 535 343 
884: 614 275 811 524 706 417 456 551 151 654 
885: 614 232 778 311 692 499 903 524 50 695 
886: 994 640 506 617 113 856 181 533 632 135 
887: 281 117 881 536 349 862 113 175 316 696 
888: 266 734 842 8 667 470 206 138 303 641 
889: 21 680 894 548 600 872 974 524 44 357 
890: 915 14 781 178 513 676 768 519 584 184 
891: 451 25 831 612 747 790 984 557 553 695 
892: 648 515 952 73 487 414 379 141 577 36 
893: 375 321 867 557 121 810 903 524 589 700 
894: 680 577 961 600 219 889 827 528 28 190 
895: 260 692 950 580 67 434 405 75 274 334 
896: 823 374 379 610 326 779 955 140 538 89 
897: 609 542 771 635 694 816 994 295 299 73 
898: 398 639 786 539 40 454 12 564 153 359 
899: 700 113 818 172 631 40 57 515 309 337 
900: 155 675 391 290 46 398 997 556 72 667 
901: 288 108 467 537 741 819 52 289 316 669 
902: 905 584 824 85 15 18 477 128 543 656 
903: 557 483 893 375 641 814 499 524 589 172 
904: 779 558 192 289 339 10 488 88 583 325 
905: 902 680 837 9 693 18 915 519 32 570 
906: 625 274 912 48 760 857 195 531 627 37 
907: 69 725 383 512 27 784 994 551 576 82 
908: 695 438 38 559 748 834 967 309 75 679 
909: 937 359 584 593 726 442 873 290 211 700 
910: 738 667 417 190 188 429 958 571 632 679 
911: 798 14 593 358 381 27 951 288 555 676 
912: 906 667 819 210 627 882 307 113 625 331 
913: 597 681 992 375 602 475 769 275 315 1 
914: 97 338 417 552 655 868 943 294 604 654 
915: 890 16 73 584 178 410 937 135 14 693 
916: 848 617 116 585 720 412 984 558 628 678 
917: 542 93 420 376 8 801 958 561 602 693 
918: 323 696 784 47 281 881 931 256 287 199 
919: 852 628 151 138 327 493 943 558 7 654 
920: 680 766 961 365 570 833 861 543 632 677 
921: 748 311 935 612 79 856 913 555 277 661 
922: 450 537 20 326 677 876 944 10 314 650 
923: 20 274 476 41 706 218 59 285 605 173 
924: 1 696 775 590 668 779 105 520 277 339 
925: 29 663 979 345 519 819 493 78 157 138 
926: 951 532 678 513 112 43 856 381 605 350 
927: 233 567 240 572 698 406 47 30 155 170 
928: 322 126 923 582 738 91 942 36 511 138 
929: 769 475 597 234 681 430 935 546 291 333 
930: 246 760 48 625 695 808 210 566 274 73 
931: 926 664 569 287 281 476 918 309 580 350 
932: 735 470 824 551 597 456 153 57 73 172 
933: 596 277 769 269 745 817 932 272 104 671 
934: 72 532 797 42 652 221 485 513 21 91 
935: 837 723 262 636 381 769 946 284 187 679 
936: 682 576 993 565 555 781 820 238 490 662 
937: 909 350 532 304 262 496 825 23 22 651 
938: 613 188 390 374 148 869 923 518 558 693 
939: 564 367 454 593 750 792 962 555 34 169 
940: 55 546 488 288 175 837 500 278 73 167 
941: 421 277 280 593 739 807 902 124 555 376 
942: 121 717 798 589 370 200 968 544 14 698 
943: 650 702 773 268 617 852 919 138 57 674 
944: 969 102 336 313 293 788 510 560 143 673 
945: 436 311 10 21 738 860 11 550 284 658 
946: 935 293 442 138 699 433 911 132 632 345 
947: 964 147 935 543 655 210 138 558 620 324 
948: 802 536 214 175 649 113 509 256 605 364 
949: 23 21 10 157 45 436 477 540 638 331 
950: 895 375 30 557 90 494 959 524 589 692 
951: 926 670 925 589 90 57 911 153 519 42 
952: 210 552 406 566 692 830 906 161 622 357 
953: 493 589 320 99 641 873 252 262 584 359 
954: 542 27 796 561 83 207 994 93 630 699 
955: 701 469 783 255 37 4 495 524 605 647 
956: 817 300 446 27 654 65 958 141 610 362 
957: 680 73 894 587 578 424 117 276 629 329 
958: 472 515 282 140 374 792 451 153 635 640 
959: 27 359 50 557 651 25 507 137 589 375 
960: 801 376 986 536 267 22 53 260 316 641 
961: 894 730 920 587 702 819 967 515 138 648 
962: 132 69 441 520 320 200 471 62 610 699 
963: 288 2 847 20 666 450 923 270 73 345 
964: 540 216 243 543 684 436 119 520 584 178 
965: 20 674 102 570 327 395 980 294 605 261 
966: 436 94 56 539 46 10 11 133 619 162 
967: 59 277 211 315 356 797 961 546 133 679 
968: 942 734 872 554 524 820 322 570 618 180 
969: 944 225 353 522 267 212 923 179 317 664 
970: 620 6 395 167 19 803 218 515 297 92 
971: 498 614 483 542 692 778 27 380 554 346 
972: 958 709 689 577 472 814 898 278 72 358 
973: 817 143 305 511 679 500 993 54 611 337 
974: 403 44 889 294 180 40 938 548 602 677 
975: 93 83 994 542 28 104 126 309 579 159 
976: 397 760 794 84 326 437 906 544 317 339 
977: 765 293 217 278 221 423 450 8 318 695 
978: 819 138 521 113 324 817 475 561 597 695 
979: 925 626 57 359 85 819 477 519 589 663 
980: 160 597 425 121 766 388 504 546 301 74 
981: 467 537 254 546 91 868 138 343 618 695 
982: 529 20 451 311 326 871 435 569 1 688 
983: 801 376 960 580 316 175 881 256 281 696 
984: 40 172 206 600 153 417 508 281 279 25 
985: 451 734 358 610 379 799 472 267 109 699 
986: 801 376 536 580 734 802 960 175 268 678 
987: 760 543 857 331 627 842 455 531 222 89 
988: 654 245 890 338 622 826 994 117 175 281 
989: 106 371 495 584 676 768 120 21 593 312 
990: 320 82 399 155 69 840 994 540 7 22 
991: 37 707 831 306 619 197 501 520 27 641 
992: 913 521 375 525 317 769 234 197 599 641 
993: 578 21 958 1 697 472 778 522 309 668 
994: 632 645 817 296 113 468 220 74 622 640 
995: 246 627 138 73 173 404 906 516 270 328 
996: 837 359 455 589 21 1 14 548 570 16 
997: 74 24 436 285 357 101 461 280 610 698 
998: 705 547 789 555 455 475 923 160 629 325 
999: 964 277 432 290 710 253 27 551 278 161 
